%YAML:1.0
#for kiwicore stero
#

#--------------------------------------------------------------------------------------------
# System Parameters. Adjust them!
#--------------------------------------------------------------------------------------------
Sensor.StereoCam: 1
Sensor.Gnss: 1

#--------------------------------------------------------------------------------------------
# Camera Parameters. Adjust them!
#--------------------------------------------------------------------------------------------
# Camera calibration and distortion parameters (OpenCV) 
Camera.fx: 4.1830019219762562e+02
Camera.fy: 4.1830019219762562e+02
Camera.cx: 2.7861437988281250e+02
Camera.cy: 2.1261660194396973e+02


Camera.k1: 0.0
Camera.k2: 0.0
Camera.p1: 0.0
Camera.p2: 0.0

Camera.width: 640
Camera.height: 480

# Camera frames per second 
Camera.fps: 30.0

# stereo baseline times fx
Camera.bf: 65.37732633465257
#Camera.bf: 196.228
# Color order of the images (0: BGR, 1: RGB. It is ignored if images are grayscale)
Camera.RGB: 0

# Close/Far threshold. Baseline times.
ThDepth: 0.45

#--------------------------------------------------------------------------------------------
# Stereo Rectification. Only if you need to pre-rectify the images.
# Camera.fx, .fy, etc must be the same as in LEFT.P
#--------------------------------------------------------------------------------------------
LEFT.height: 480
LEFT.width: 640
LEFT.D: !!opencv-matrix
   rows: 1
   cols: 5
   dt: d
   data:[ -4.6720434972823532e-01, 2.7254890280005722e-01,
       1.1722172464929972e-03, 1.4865395955656205e-03,
       -7.2931630040957027e-02 ]
LEFT.K: !!opencv-matrix
   rows: 3
   cols: 3
   dt: d
   data: [ 5.5513194888393923e+02, 0., 2.7396357016420120e+02, 0.,
       5.5457289397344960e+02, 1.8544533272439136e+02, 0., 0., 1. ]
LEFT.R:  !!opencv-matrix
   rows: 3
   cols: 3
   dt: d
   data: [ 9.9996614808808626e-01, -6.9295614669185315e-03,
       4.4366491580224623e-03, 6.9319816223551165e-03,
       9.9997583288957681e-01, -5.3034666448983274e-04,
       -4.4328668672219892e-03, 5.6108348166956001e-04,
       9.9999001738850579e-01 ]
LEFT.P:  !!opencv-matrix
   rows: 3
   cols: 4
   dt: d
   data: [ 4.1830019219762562e+02, 0., 2.7861437988281250e+02, 0., 0.,
       4.1830019219762562e+02, 2.1261660194396973e+02, 0., 0., 0., 1.,
       0. ]

RIGHT.height: 480
RIGHT.width: 640
RIGHT.D: !!opencv-matrix
   rows: 1
   cols: 5
   dt: d
   data:[ -4.7003007972936267e-01, 3.2051844682052416e-01,
       1.0281841655977628e-03, 1.5393795251080694e-03,
       -5.5458281765769300e-02 ]
RIGHT.K: !!opencv-matrix
   rows: 3
   cols: 3
   dt: d
   data: [ 5.5379271017311316e+02, 0., 2.9663389966583128e+02, 0.,
       5.5403934595686076e+02, 2.5347502753716168e+02, 0., 0., 1. ]
RIGHT.R:  !!opencv-matrix
   rows: 3
   cols: 3
   dt: d
   data: [ 9.9993565739708368e-01, 3.3929040500852931e-03,
       -1.0824475413099452e-02, -3.3869963204431136e-03,
       9.9999410502858255e-01, 5.6406028893677199e-04,
       1.0826325405565112e-02, -5.2736153743463700e-04,
       9.9994125455849736e-01 ]
RIGHT.P:  !!opencv-matrix
   rows: 3
   cols: 4
   dt: d
   data: [ 4.1830019219762562e+02, 0., 2.7861437988281250e+02,
       -6.5381533152678230e+01, 0., 4.1830019219762562e+02,
       2.1261660194396973e+02, 0., 0., 0., 1., 0. ]

#--------------------------------------------------------------------------------------------
# ORB Parameters
#--------------------------------------------------------------------------------------------

# ORB Extractor: Number of features per image
ORBextractor.nFeatures: 2000

# ORB Extractor: Scale factor between levels in the scale pyramid 	
ORBextractor.scaleFactor: 1.2

# ORB Extractor: Number of levels in the scale pyramid	
ORBextractor.nLevels: 8

# ORB Extractor: Fast threshold
# Image is divided in a grid. At each cell FAST are extracted imposing a minimum response.
# Firstly we impose iniThFAST. If no corners are detected we impose a lower value minThFAST
# You can lower these values if your images have low contrast			
#ORBextractor.iniThFAST: 20
#ORBextractor.minThFAST: 7
ORBextractor.iniThFAST: 20
ORBextractor.minThFAST: 7

#--------------------------------------------------------------------------------------------
# Viewer Parameters
#--------------------------------------------------------------------------------------------
Viewer.KeyFrameSize: 0.05
Viewer.KeyFrameLineWidth: 1
Viewer.GraphLineWidth: 0.9
Viewer.PointSize:2
Viewer.CameraSize: 0.08
Viewer.CameraLineWidth: 3
Viewer.ViewpointX: 0
Viewer.ViewpointY: -0.7
Viewer.ViewpointZ: -1.8
Viewer.ViewpointF: 500

Map.mapfile: /home/mediasoc/xue/ORB_SLAM2/Examples/ROS/ORB_SLAM2_saveload/map.bin
